image: ../data/Interims.pgm
resolution: 0.050000
origin: [-25.850000, -57.250000, 0.0]
negate: 0
occupied_thresh: 0.65
free_thresh: 0.196
