image: ../data/mv_map.pgm
resolution: 0.050000
origin: [-10.444243, -188.054736, 0.0]
negate: 0
occupied_thresh: 0.65
free_thresh: 0.196
