image: ../data/mv_map_cut.pgm
resolution: 0.050000
origin: [-30.133392, -47.747141, 0.0]
negate: 0
occupied_thresh: 0.65
free_thresh: 0.196
