image: ../data/MW_map.pgm
resolution: 0.050000
origin: [-6.680075, -195.286523, 0.0]
negate: 0
occupied_thresh: 0.65
free_thresh: 0.196
