image: ../data/OpenSpace.pgm
resolution: 0.050000
origin: [-20.550000, -22.850000, 0.0]
negate: 0
occupied_thresh: 0.65
free_thresh: 0.196
